10000;15000
444;444;2.96e-06
443;443;2.95333e-06
407;407;2.71333e-06
413;413;2.75333e-06
412;412;2.74667e-06

10000;30000
856;856;2.85333e-06
844;844;2.81333e-06
831;831;2.77e-06
840;840;2.8e-06
841;841;2.80333e-06

10000;45000
1275;1275;2.83333e-06
1285;1285;2.85556e-06
1276;1276;2.83556e-06
1284;1284;2.85333e-06
1284;1284;2.85333e-06

10000;60000
1693;1693;2.82167e-06
1706;1706;2.84333e-06
1723;1723;2.87167e-06
1709;1709;2.84833e-06
1743;1743;2.905e-06


20000;15000
834;834;2.78e-06
832;832;2.77333e-06
898;898;2.99333e-06
833;833;2.77667e-06
826;826;2.75333e-06

20000;30000
1685;1685;2.80833e-06
1725;1725;2.875e-06
1721;1721;2.86833e-06
1715;1715;2.85833e-06
1710;1710;2.85e-06

20000;45000
2613;2613;2.90333e-06
2564;2564;2.84889e-06
2574;2574;2.86e-06
2560;2560;2.84444e-06
2595;2595;2.88333e-06

20000;60000
3463;3463;2.88583e-06
3415;3415;2.84583e-06
3410;3410;2.84167e-06
3416;3416;2.84667e-06
3476;3476;2.89667e-06


30000;15000
1271;1271;2.82444e-06
1225;1225;2.72222e-06
1227;1227;2.72667e-06
1234;1234;2.74222e-06
1261;1261;2.80222e-06

30000;30000
2529;2529;2.81e-06
2455;2455;2.72778e-06
2619;2619;2.91e-06
2550;2550;2.83333e-06
2544;2544;2.82667e-06

30000;45000
3997;3997;2.96074e-06
3867;3867;2.86444e-06
3823;3823;2.83185e-06
3852;3852;2.85333e-06
3829;3829;2.8363e-06

30000;60000
5144;5144;2.85778e-06
5181;5181;2.87833e-06
5156;5156;2.86444e-06
5112;5112;2.84e-06
5118;5118;2.84333e-06


40000;15000
1679;1679;2.79833e-06
1653;1653;2.755e-06
1673;1673;2.78833e-06
1689;1689;2.815e-06
1645;1645;2.74167e-06

40000;30000
3400;3400;2.83333e-06
3366;3366;2.805e-06
3387;3387;2.8225e-06
3437;3437;2.86417e-06
3471;3471;2.8925e-06

40000;45000
5057;5057;2.80944e-06
5126;5126;2.84778e-06
5073;5073;2.81833e-06
5107;5107;2.83722e-06
5085;5085;2.825e-06

40000;60000
6789;6789;2.82875e-06
6807;6807;2.83625e-06
6879;6879;2.86625e-06
6687;6687;2.78625e-06
6703;6703;2.79292e-06


50000;15000
2081;2081;2.77467e-06
2058;2058;2.744e-06
2047;2047;2.72933e-06
2056;2056;2.74133e-06
2064;2064;2.752e-06

50000;30000
4219;4219;2.81267e-06
4217;4217;2.81133e-06
4184;4184;2.78933e-06
4230;4230;2.82e-06
4239;4239;2.826e-06

50000;45000
6423;6423;2.85467e-06
6606;6606;2.936e-06
6380;6380;2.83556e-06
6314;6314;2.80622e-06
6523;6523;2.89911e-06

50000;60000
8476;8476;2.82533e-06
8498;8498;2.83267e-06
8473;8473;2.82433e-06
8496;8496;2.832e-06
8496;8496;2.832e-06


